0000

11111111, 960,.5
1111111101,010,00.
611111111101.

Referre, 009, 0. 006, 7.
01111111, ’000, ’0. 060, ’00. 066, 00.
0111111161000, 1110111811.
6111111611, 001, 00. 009, 00.
70111111, 001’, 10.

01101161 0000.
1111111161] 111, 1.

1111111111, 010, 7’.

. 0111111111, 000, 10.
0116111161010, 15.
11111111111’1,01’1, 7.

’ Refugit, 979', 7 000, 1.
0111111171,101,8
011111, 161,·1.’089, 0.

11111111, 8’1, 0.,’86 6. 0006.
11111100, 1.
11111611,’0110,0.

1111111 ’000, ’.11

. Re 1111111111, 1. 111, 11.
Regem, 1610181101.
71111110111,’087,7.
1111111,018,11’.

01111161, 00,.0
6111111161, 1101
01111111, 767.

7736, 1111111 111,.,11111
0111111111, 507.

01111 1111111101, 81 0. 016, 0.
01111Ι 111111111ιῖ, 667. 10ομ0
1111111111, ’7772 111,.11
61111111,199,’6.

1001 0000610100ιῖ 1’60”,’ 75
01111161111.,’19,0.
Regionis, 157', 7 ι

Regis 1111111000, 0.
11111111111111 10, 9.

z'779777 976, 00. ’001, 00. 060, 0.
Regitur, 06,0. 10, 0. 060, 0, 1611·

1111111110.

01111111, 016, 0.

11111611,1111111110. 100, 0 1080 190,
11111111, 006.
0111111101ιὲ, 171, 8.
01111111,17’1,8.

6111110001.
0111111, 011, 0.
Η611111111100110050,.0 099,
1111111111,199,1.
Regnum, ¹⁰7⁸·
Regulus, ’,’108 8.
ιςἑ1,1111,1111,198,’.,.,119900000
61111111,096,11.
..1·11·111.1111111·’ ¹⁷⁷²
)

’ 1611111160,1111611111.
1111161111, ”,099 00.

0111161, 000,.’8

Β111611’11111,’ 009, 0.

Reiz 1111,180,.9’

1111061111

1111110111, 019, 7. 080, 0.

- ’ 1111111111 111 011, 11111,

01111101”111111,00,.6

111111 111 060, 00. 000, 01.
6116111161, 90, 10.
0111111111, 061,7. ·
611111111111, 000, 06.
6111111,1111 00, 7’.
01111101111111, ’,110 0.
00001010 ’·”” ’
01111’1”’ quis, 000, 10.
0111111161 10, 0.
mmmm&
¹¹777777777757„ ’111, 111111, 776
11111111 1.·· ² ⁷⁷⁷⁷
6111111111,100’0. ·
Reliquit, ’,91 00166, 00,

77767077 00 77660'7 DE 70777677776977 PfllLOSOPfflAE.
, Respondissem, 55. 7.

1111111111,118,10.
Reliquus. 010, ’.00
01111”, 011,) 101111111811111-
(11111101, 0.’
61111110, 000, 0.
1111116117, 76,6. 109, 0. 170, 6.
1111116116, 10’ 0. 87 9
61111611, ’,090 00.
1111111 11’0’,11 1.
Remini 1111,ολ 7.
611111111111,10,0.
0011111111, 777', 0.’187, 10. 000, 6.
1111111111600οΛ0.
0111111111,1’01,0.
91111116110800.
1111111611, 008 0
1111111111,’160,’6.
711111111601111, 111,8.
11111011111161, 0010
6111111111001, ’10
6111111111111,88,’.8
0011111111, 7957
6111111111, 000, 6.
10111, 766. 6. 000,.. 0
1111116611, 008, 0.’
111111111101,09’9,9.
001111101107016.
1111111111,’010, 0.
6111111111110 5.,9i9 57. 001, 0.
10016 11111111, 000, 01.
11111111, 00110.
0111118111,00’1,0.
Repeti, 000, 7'.
61111111, 779,⁷· o.
0111111161. 160. 0. 000, 6.
011”11111111111.0118,0.
11111 ’0.1111 1.“1,0 10. 0110, 0.
11111111,000,1. .
61111110111111, 107. 6.
61116111111080 00.
0111111.1111 001, 0.
01111,1111111 9, 1’.
01111111,11’0,’1.
1111111111,111,’.1 000, 1.
Requiris, 0606.
0011111111, 100, 0. 000 6
Mwm’ss,5.
11111· ,100μο
Ι 0111111100, 1 06, 0. 00,“1,1111111111
1111118.
1111111116.. 100, 00. 100,.9067,,9
1161-11111111 0.
⁸¹¹7799 1111111510ομμο 779, 77. 000, 011,
1111· rs
1101111111,118,11.
11111·111,17’,.’00
Res eret. 01. 0.
0011111101, 77, 7.
1011111111, ’00, ’.5 276,t.
Re. 1111111,’ 69, 0.
0111161111,000,7.
Resides, 1’80. 6.
11111. 116111, 066, 0.
61111111, 89’, 5.
0011111111, ,100, 0. 0000
61811111, ’000, 0.
Resolvit, 7779. .
1111161161, 000,10.
0111111111,1’119,7’.
11111111ῑοῖ 80, ’.7
6111111111,1’0,9 0.
0111111111, 010, 0.
0111’,11111111 080’, 10.
1111111111,’,100’1.
11111111,’10,0.000,10.
6110111111,’,190 6.
6111111111, 010. 0’. 000, 11. 001, 77.
1116111111111111ζ11,1.
1111111111, 88, 8.
1011111111,’00’0,00.000,10097, 15,
111111111111160 .
1111111161010. 00.
61111116111,011,0.
611111161111107610.
1011116111, 85. 1’.
0116116111, 010, 0
1111111116100107 010, 0.
0111116111,’ 01. ’0.
1111111161,80,10.

1000

Responsurum. 0.
11111111111111,11,.

0011111111, 60,0.

11111111, 110, 5.
11111111.’011,’0.
111111001610.

0111111000, 7

111111111110, 009 10.
1111111111, 796,so.

neronis. 777 9

6111111611, 110. 7.
6111111111018, 6. 000, 0.
11111111ῑῖ 101, 05.

0111111111, 06, 0 097. 07. 009, 70.
011111111’91,11.100,9.
11111111,’101,6.061,’10.
01111111,111 00010.
0011111111111.0.00,0.
1111116111,10.1,0

1111116 11100010.
1111111111.’ 101 7. 075,0
1111111111, 1111.
6111111110,00’0, 5.
Retundatn'n 010, 0.
0111111111, 0111, ’0. .
1011111111, 07, 5. 000, 9.
11111611,’001’, 10.

1111111661, 9’,.0 117 6
6111111661, ’100 0. ’..1900
111111..1..11’1,1110.1’.11111111,

17.

6111111611, 59, 9. 7777, 0.
Reverentia. ”001 00. 010, 10.
6111111111, 797', 6797,'.77 0006.
6111111111,119’,9.010,’00.
0111111111ιῆ, 60,’0.09·1’,0. 190, 7,

aliisque 111111 0.’

111111111080, 0.
0111111101, 080. 77
Revertatur, 111,8
11111111, 000, 0.’
61111161, 179 0
01111111. ’016, ’.06
Reum, 579.

1111111011] 800. 1.
1111111117 90,8.
Qmmm
11111111111,’016, 0.
0011111111. 000, 0.
7771.75..7 000, 10.
1111111 11. 119, 01.
1161111110, 109’, ΙΙ.
1161111111, 118, ’1. 108, 0.
11161111,10’0,0’.
11161101, 0.
111611611801, 0.
11111111, 0, 0.’
00000υὲ10001
Rimari, 01, 0.

00111110, 017 ,.6 000, 70.
111111,0’00,0’

111111, 010 0

00111, ’,009 ’01.
111111’111,100,9.
0110111,’80,5.109,10.710.00.
1111111010. 118,’10. 091110.
1111111,’000, 0.

111110. 977, 7. ·

“ 61111111111111,89,1.

0111111111, 810
0011111180, 0.’

’ 11111, 000, ’.00

0011110110οᾓ 10

111,11111111 88, 7.
1111111168

1111111,οἷ. 0. 100, 1.
Roseos, 170, 6.

01111110, 160, 0.

11111 001μο

010111, ’,088 ’11.

11110, 96. ’1. ⁵.
00111110,100,7.

1111111019. ’6.

111111’“ ,008 75. .

111111 1011111, 006, 07. 006, 01
6161161086
1116018000

 

