1111
111111111ω1111611511110’0”’ ¹
0110001005 1. 117, 1. Privatos, 61, 11.

1100101111. 5 Prius, 129, 1.

²¹iqr‘risiuio, 188, 6. 108, 10101, 4. l 011ὲ11,14,5.109,0. 146, 5, 1111111110
, , oms . .
0111001111, 119, 51. Priusquam, 555, 51550, 1. 551, 11,
0101110101, 156, 1. 551,18.

0101111101158 15. 010, 55, 4. 45, 1. 55, 1, aliisque io·

01011111ῑί11, 119,14. 1111519, 0110.
10. 150, 1, 0101101,108, 5.

00011110, 150, 4. 118,14. 189,1, 0101111110, 157, 1.

1111111110 iocis 5. Prummu. 55, 5. ,

01011111111111, 545, 1.
01001191, 7.
0101101, 90, 5119, 1.
01011011010111,555 10.
010111ῑί001501, 1411, 19.
0101100119. 14.

Probi, 154, 5.

,pgfgbss' 140, 0. 111, 11. 111, 14.
j 1
Probitas. 151, 0. 116, 7. 111, 1,

1111111110 100114.

0101111110, 175, 9.

0101111101, 18515. 551, 10.
010110 1011111010, 7. 515, 5.
0106011111, uui, 1.

Pronus, 111, 10. 197, 1..517,11.
0101111,108, 10. 111, 1.
01011111, 110, 11.

Probus, 111, 1.

0100 darn, 164, 0.

01000011, 515, 11.

Procedens, 118, 14. 514,15.
0100000101, 140, 10.

01000011, 95, 0. 116, 5. 159, 11,

1111111111 100111.

0111001111, 115. 1.
0100010155, 5. 111ἳ15.
011100110τί01, ui, 9.
0101111,51, 1. 711.

munii 100100100011.

01111111, 40, 4.
01111110, 111, 4.

01101111, 5110, 5.

01111011, rus, 9. 115, 8.

0101401, 545, 15.

1100111111, 511, 5.

0111110, 510, 5.

0101111111,119, 10.

110110101, 118, 5. 11010101, 1. 515,
11ἵ1111111ω151, 6.

01010100. 1105.

0111101000, 111,10.

0111101110, 1114, 5.

01111001, 105,1.

01101000. 549, 9. 549,11. 550, 11.
0101011111548, 10.
010ῑο1111110, 119, 54.

01100111, 41, 5.

0110001101, 198, 16.

Praetura, 195, 1,

0110101111, 551, 11.

011111, 157, 1.

0110001001, 550, 7.
0111101οω10, 556, 14.
Psinomounis, 0.

01111, 119, 11.

Prionos. 118, 15.
unvitans. 100, 5.
0110010015.

0111111, 190, 10.
0100101111,101,10. 11.
010110, 151 10. · 0100014, 11119
Proca, 551, 15. 551, 15. murone, 11, 1.
Precor, 110, 5. 010110101, isui.
0101111111,187, 11. Prodesse. 11156185, 19.
01011111, 1018. Prodest. 505, 1. 505, 1
010110001101, 115, 4. 01001οῐ1111 11, 2.
110011, 111, 1. iss 1. 11001111, 11. 1.
Pramum, 111 1. 111, 1.
11010.. 1101.

01010100, 541, 1.

Pressuras. 510, 6.

01011111, 11, 1. 145, 5. 110. 10.
meno. 118, 0. 108, 0. 51110.
Pretiosa, 151, 4 154, 11. 15111,

1111111110 locis 1. Ι .
1001111111· 1101111111.
11010105101001.11111111, innurem, 110 u.

111011. 1101111110, 11111.
0101100111, 111, 5. 156, 6. 01010110, 81, 5. 101, 1. 451, 11.
Pronum. 1519. 51111.

Pretium, 55, 6. 74, 6. 510, 9. ’ 0101011. 501, 0.
0111011108. 0101101111, iou, 2.
0111111, 195, 18. 010110101,147, 8.
Prima, 65, 1, 195, 11. 01011010·111111,596,9.
01110111011,10,4. Proficiscens, 196 19.
Primum, 145, 1. 0101101111111111, 5111, 11
Primum 51, 6, 81, 1. 111, 0, 11111- 0100111111, 105, 5.

que 100115. 01011111, 119, 51.

Primus, 145, i. 181, 9. 0100111110, 47, 1.
Princeps, 119, 6. 1105110110, 5.

Principe, 150, 5105, 10. Profunda, 141, 1.
Principum. 110, 1. 0101101οι111, 4.
0111101111,510,10. Pro 1111011010. ,19. ’
Principiis, 15117. P undo 1110141111., 16, 1.,
Principio, 04,10. 150, 8. 105, 1. 0101110011111,109,11.

0101100001, 50515.

1111010101·
Prohibet. 151, 0.

01011111, 95,1.

0 Proin, 111, 1.
0101111116, 1. ’
0101111, 1514, 11.
0100111010111115.

pronun. 101, r.
010011,149, 11.
0111011011, 119, 10.
0106111011, 515, 10.
Pronum, 101, 4.
0101111111, 55. 10.
0101111110,15 1. .
proruero, 1010110, 1. 111, 1,

„g‘gmpiu'n' 140, 5. 1151. 111, 1.
1111011111. 111, 1.
Priora. 119, 9.

0011111111, 150, 15.
Primis, 92. 1.
Primos, 141, 0.

011101. 11111.

01011111, 11.
01011010, 1 1, 6.
Promrromnr, 518, n.
0101001101, 55, 5.
01011101111111,119, 14.
0101101110011, 515, 1.
Promittere, 181,19.
Proprium, 161, 1,
0101011001, 181, 0. 111, 5.
1511011051·

1 ., ,
1111111101.
Promptum, 110, 15. 191, 5.
Prona, 101, 0. 547, 5.

Pronum, 104,1.

Propognudae, 505, 19.

0101111110, 151, 17. 150, 4. 170, 1.
0101111110, 165, 5.

0101110010, 150, 15.

Prope, 154, 10.

Propoosius, 51,1.

0101111111, 5, 1. -

Propinqua, 189, 1. 195, 11
Propinqua, 51515.

Propinqua, 105, 5.

010111111111101, 109, 1.

Propinquus, 154, 0.

Ρ1011101,04 7.

Propitiis, 1411, 17.

Propius. 14, 0.

0101101110151, 11.

Proponunt, 551, 10.
010110001111.511, 10.

Proposita, 104 9.

propositam, 111, 11.

0100111111, 515, 5.

01011001101111111,, 180, 9.

0101100111, 150. 15.151,1. ,
¹ {golprffuum 1111111111..105,19.5111,
moinum 111111, 1110111, rs

Procuroumo, 155, 16. mr, 11. 551, 160, 1111, 8. ·

groposq. ³⁵¹’2²n⁷r‘ 11
53111ῗῖ1ῗῖ1111 1031011101. 11

Propria ouini.. 16, 1. 1051101, ·.
’ 151111010101115.

01011010, 60, 1 147, 10510, 9. oui,

Propri 111, 94, 4. 194, 1. 551, 15.
Propriis, 514, 5.-
propinaturum, 18.
01011ιο1000, 55011.

0101101, 149, 2. 195, 4.

· oropus, 111, 111, s. 11101

Propria, 105, 0.
Propino, 105, 1.
nilisffliffis 41101, 1. 155, 7.149, 11
1115111511110111 3¹¹⁹ δ’
Proponamus, 54 4.
1(κιῖὅ..,.,ἰ..,11,0.41,11.01,1,111ι111
inmunis..
Prospectu, 191. 5.
Prospera. 191, 1.
113111101111111.
11555155·
0101110111, 110, 11.
0101110101, 140, 1.
01011111111,550, 10.
1111111111·15111111
1100110101, 11111. ’
Promotus, 61. 9.
1151111501.
0101011090 1105, 8.
0101011111, 118, 1.
Protexi, 46, 1.
0101111111, 1, 6.
1131111111151111110
1 1* 1 ⁸

45

 

