1151 > lNDICES 119 LIBROS corlsolirlolls lilliosol’lllm. 1159

1991191911119. 6111. 10101101, 95, 1. 87, 9. 65, 5, aliisque Tollere, 958, 16.

1001101, 6, 1. 11, 8. 171, 1. loeis 9. Tonanti< 5611, 1.

01111, 111, r. 1111111001. maurim. .
10011076 8. . - 1011001,211;5. 1011110010 51,9.987,9. ι
100101· 00111001., 556, 17. 1000001000, 958, 95. 1010, 19,’9.

70000101, 159, 1. Tenduntur. 199, 5. 100101, 975, 6.

Tenere, 919, 9. 1001101, 81, l. 1010001, 59, 1. mu, 6.

10 9511. 100110101,519,1. 101101,155,9.

10111187, 1. 999, 6. ι Tendere, 168, 19. Tortores, 916, 5.

1010, 01, 519, 5. 1001111, 17, 1. T orris, 19, 5.

1011, 918, 18. Teneone, 96, 1. 10110, 9611, 5.

’510110 91, 9. 191, 19. iil, 5. 559, 1011οἓ100,ὲέ,ἒ.ῧ1ἢ5ὲὲξ1,39. 10111109, 104547.0 7

1101111101. 1111111510111Γ ” 035011111οζσί 0010101111

01111,11,0111.01,1.111,1. ’1111111101011 11111.

10111110, 155, 11. Tenent, 1611, 9. 1010, illle. 995, 9.
Tium, 11, 6. 71, ruo, 5011100010· 10010, 9681, g „Tolum 55, 7. 519, 8. 519, 15. 519

uls . , ’011010.., . .

1010,00010,51’1 luem, 91. 100011,5115,6. 10100159 11.

Tamen, 11011, 1100001111 011111,111 r. 0111, 0101.

1111111.. .. 11111101010110011,11. 0011101.

10010101, 56, 1. 155, 5. 979, 9, 0101- 101110Ι o. 81, 6. 551, 8. 10111, 95, 9. 61, 1. 198, 8.

que 100117. 1001010, 89, 9. 101101, 56, 6. 15, u. 51, 5, uilisque
Tandem, 151, 1. 158, 99 195,1,’ Tenues, 559, 8. 101101.

111100001001119. . Termi, 186, l. 917, 6. 916. 96. 1001, 985, 91.
100110010110000110,917,15. 100010, 161, 1. 101010, 81, 15. w, 9. 556, 18,01111·
1001110957, 5. 'Terruls-imls, 11, 1. que 100109.

Tanquam, 191 , 9. 1000011, 561 , 1. Teius, 118, 9.
10010, 599, 9. 1001011111, 111, 1. ructaremus. 919, 7.
Tunlae, 969 1. 988, 6. Terga, 511, 5. 1100100101, 9591.
10010101 155, 19. - 10000100095, 1. - 1101100110, erl, 1.
’11101068 6. 1115, 5. 1151. 116, 9. 101001111001,9π,9. 11000101, 187, 7,
Tutili, 89, 1. 79, 6. 91, 9. 957, 11. 1010010, 911), 5. Tradere, 966, 7.
Tamo, 116, 1. 155, i. 551, 1. 1010111111, 999, 99. 515, 11. 1101111001,169, 19.
1001011011, 000010,995, 16. 995, 19. Terminus, 157, 99. 168, 19. 951, 19. 11061100, 1115, 5.
Taurios, 91111, 1. 1111111001, 997, 1. 1101111011,917,19.
Tauium, 56, 916, 1. 69, 7,01111000 101100, 169, 5. 156, 5. 956, 1,011Ι1- Tragicos, 961, 9.

loeis 15. 0110 locis 1. 11000111οω01, 165, 9.
1001010οι0110, 957, 11. 967, eu. Terram, 11, 7. 99, 199, 1, ullisque 11010010, 918, 19.

1118 0, 100119. 1111101001, 55, 6.
1011100,989,5. · T 01101001, 155, 15. 169, 1. 965, 7, 110111, 11. 1. 161, 7.
1011010951, 6. aliisque 100109. Trallis, 5551.

Tartareum, 951, 18. Terris, 76, 1.79,16.76, 5,οΙ111000 1101111,155, 1.166,6.991,1,01110000
Tauros, 919, 19. 100117. 100105,
10 91, 5. 91, 5. 59, 1, 0111000010· 1011000, 116, 9. 186,1. Trahunt, 155, 6958, 16. 516, 5.

111. 1111111100. ’1111101 eo, urrr, irre, 1,.111.
1101011111. 11111111, esur. 1111111111.

10010 1119110111.. 976, 9. Terrenis, 17, 9.156,1.159,8. 5998. 11011001110, 996, ll.

100100, 551, 9. 1011100, 1511, 7. 1100001 111010, 95, 5.

10011 0111011, lli. 9. Terrenum, 159, 8. 'l'rauquilllruls, lli. lii.

10010 01165001, 185, 6. Ι10111·001,51“1,8. · 1100001110, 111, 5.
1’00111010111011., 157, 1. Ι101101, 1119, 15. 1101001111,9111, 5.
Τ10010,59,5.15,6.199,1.19151. 1’1·1’10“,168,9.996,1.997,5.999, 1101110010, 196, 11,519, 7. ,

· ’1001097651 ⁹¹5 11001000110101,157,15.
Tegllur, 958, 15. ,lirion 5, T. 11000000510969, 5. 556, 91.
Tegmina, 009, 8, leri-oro, 61, 9. 199, 8. 989, 16. 1100110110, 11, 8. lli, 9. 958, 7.
Telis, 9811, 5 1101111111, 287. 6. Transfertur, 159, 1.

. 1010109161. 1110009181. 1100110101οῐ, 9966.

Tellus, 9115, 9. 951, 11. 511, 5. ‚Tereum 9911, 5. Trarisiormelum, 979, 98.
101001001085, 1. 10111919, l. 1100900310195 11.
1001010110, 515,9. 1011011, 915, 1. Τ10001001110,917,8. ,
leonumlonum, ii. 10100010, 55, 6. e 11000010009595
Temere, 56, 9. 996, 19. 10100101, 11,5. Transire, 159, 8. 975, 19.
10100111οι0, 55, 9. 815. 1110111001, 5111, 5. 1100111000, 519, 9.
1010011101, 86, 11. ele. 11. 515, 15. Turrim 11, 919, 5. Translate, 159, 5.
1010001001001001, 997, 11. Timui-is, 97,1, , 'transmissum 95, 6.
1010001000959, 1. 1111010101. 951, 9. 110010111010, 517, 5.
remouit, 67, 1. 969, 9. 988, ’1, 1111110965, 5. 71110111110010.

0111110110]οὲῗὲ111 ἕο 3 eh'i'ggi, 15, 1. 11, 1. 59, 5, 0111000010· ξῖζξξιπιιέμξπ, 2,

9 1 1 · ¹ r ·’
Tomgeriem, 997, l. Tigres, 91915. 1101110955, 19. 599, 5.
Temperies, 599, 6. 1110111101, 976 8. 986, 1. 1100100501, 98, 1.
1010001100, 196. 1. , :Tigris 11110111, 516, 1. 1100111011, 995, 9.
1.·000101111001, lue, 5. T 101100, 919, 51. 11010105, 1.
1000101089, 1. 119, 6. 1101000911, i. Τ10011100,11,1. 197, 1.
Temporalem, 95, 7. Timor, 195 io. ' 1110. 918, 1.
100001010099111. 1111101001,116,1. · 1110000988, 5.
Temporalem, li· , floruimus. 1110010519 iil.
011111111111,101,11. ringere. 1010. 11111011, 111, 0.
100001οΙ100, 596, 6. 518, 6. 519, 11010101, 111, 9. Trium, 9111, 11.

lm· y 11010111. 189, 5. 111110001,197,6.

'temporarium 91. .. 1111111, 155, 9. 1111100010, 915, 1.

1010001017, 1. 65, 1. 518, 19, elue· 1110110, 597. 1. Triguillam, 15. 1.
que 10011 9. ¹ 1110111, 1119 8. 1110001, 155,·1.
romonolo«, 110, 1. 111, 11011, 1111111011. Το01101,9711,11.5119,5.
1, 1.·11110110100119. ’111111101011511 1101101010, i.
Tempore, 11091501. 151, 19, 1010101001 158,91. Tristem, 17916.
- alimoniorum. 1111110011. rime, 1101.
1001001001, 195, 7. , Tollere, 976, 1. Treuir. 998, 15.

 

