1115 INDICES 19 munos DE 695591171οΜ ΡΗΙΒΟὸΟΡΗΙΕ.

’ ‘' . . . 1111’1,1159.
,61111111 1111
, ’11111111111011 1011111151,161,11 1111111110, 1.
Plenum, 118, 18. 156, 9, 9011111111, 155, 5. 911111111111111111,159,1.
11111,111,11.11,11. 101111115214161 ξξὲἓξὲῑ. 21955. 23:
Ρωωω1ΰ11191111111111 131ἷῖ111111 ’1. 11111161, 11, 1.
1111135,Ξ 11111. 111ζ 11115, 111 11111111115111. 1111511111, 1111
que 100111. 9011161111,111 5. 51911. 9111115111186, 8.
murinus, 111, 11. 111, 1. 111, 1, 111111. 1151. Praeemt. ³25. 11.
aliisque 10111. 9011111111, 151, 5. 11111111,111,1.111, 5.
mummi. 111, 1. 1111111111. , 1111111111111, 1.
9111111111,118,5. 9011160111ὲέ888, 1. ⁴ · 551151115115,6,156,,3.5 ω ⁵ m ι
{mum} ⁴ 1651511115911111 11511111ζ 111,’1.” ''
1111115111. 1111111111. . 111111, 111. 1.

Plus, 161, 5. 199, 15. 1)ο1111,87,7.95,5. 111, 7, ulnisque 1111101111, 5.

Plus equo. 198, 6. w, 7. 1011115. , 9111111101, 159, 1.

Pocula, 185, 5175, 7.177,1. 901111, 15. 5115, 9. 115,1, 11111· 9111111111, 151, 18 171, 6.
φξῗέὥὲῗι 5. 611111. m, 2), 81115· 11οἓ ἐξιξέρῗὶτ, ²· ¹2⁰, 7· ²1⁸' 1,, ιθξῖῗοὴηῖ 131111· 1111 1151111
16151111158, 1. 171, 11. 171, 15171, 115558555011151155336Ι ἓξ, ἔθη n ἓὲἓῇπὲὲἐη
11511111,ἳ1111,115.5ῃ’ ω’ 11711110ῗὲ 1111111815. ⁸ ¹ ⁹ ¹ ’ ’ 1111111111..ν 55139.. ⁴
91111111,181 5. Pon, 159,5.169,5.181, 14. gfflae' 55, 6.δῖ1 θ
1111161159· 1111111119 ,5555155155ίὸ
16111. 2· 1161 111·
1511153119 111111,151ζ1’ ’ 11111111,’111,’1.’

1315519111, 1, 1311555153163110, 1. 1111, {ssssffissfss’ffi'sfzia
13111511ῗ’11ἶ’6ῖ6·”9’1 1111115551, 1. 15515151
· 90101151. 90111111, 559 17. 9111111111, 198 7.
111111512617 1111111611· 11111111·

ι · 1 1 · 1, 2 ·
1111111111· 11111911... 1. 11111111·
1111111. 1111,1111111111,1111 11111, 111111. 1111111
1311551111111211115111 ’101 1111511121, 101, 1111, 11. 111, 11, 1111115118111111

11111 ue 1011111 Praemlis 55 8 61 19157 8
11111111.. 1,... .. ..11111115111111 ..1111111·1111113 ·
111,1. 9110111111111119, 117, 1. 159, 1. 1111111111, 594358. 8

131511115111ῌ 11161511111111111101. 111, 10, 11511115ἷο11, 8111, 1. 1111
Pontum, 118, 1. alasque 100115.111111111101116

Pontus. 195, 1. 90111111 adnot.. 177, 19. 9111011119, 551, 11.

9011111111, 195, 9. 90111111 178, 11. 199, 6. 118, 5, mamere, 511. 5.
11111111111011. 1111111111. 1111111,111,1.111,10.11,11

9001111111951187, 5. Ι1101119111, 11819. 178, 5. 178, 6, anusque 111111.

901111111,,178,8. . 1111110110117. 91110110, 555, 5. 556, 7. 515, 15Ί
13111111 111111] 711] 1 1161531 ’,ω’ ω’ 1315111511ἔ15ῗ1. 551111111901111, 555, 18.

Populos, 155, 1.157,19. 161, 6, 1111111111, 11. 9111111111155
11111111 100111. 9011111111111,118,19.117, 9166, Praepostermn, 511, 5.

Populus, 595, 8. 9916611. Proescimsa. 515, 1. 515, 19. 515,

- nam«. 151, 9. 911111711101111,168,1 11, 11111101110111.

1651115191. 1951511111·111765· 5155165 111111 s. -
111111111111. ⁴ 9010111,’85,1.118,6. 10111. prmum, 111, 1. 1111. 110,
Porticus, 5591. Poterit, 91, 11. 119, 6. 158, 11, 15.551,5. , ’
Pon-tio, 151, 9. 157, 1. 191, 11. aliisque locis 8. 9111010111, 517, 6.·

9011101111, 158, 8. 199, 9. 191,11. poteritis, 111, 15. 9111111516, 15. 556, 8 515, 1.
Portus, 151,1. 1101111517. 55, 7.81,19, aliie· Praescitae. 51611.

Poscendi, 111, 6. que 1017119. ’ 911εοί111111515, 15.
901001118816, Potestas, 119, 11. 151, 1, aliisque 91115111115555.

poscet, 191, 9. locis 19. 1111110710, 551, 19.

posim, 551, 15. Potestne, 199, 11. 5581. 551, 51. 9111111111, 59, 1ζ ..
posnam, 1111. 1111. 1151111111,1111111111111·
901111, 595, 5. 59511. 1011171111,117,5. 1111100116.

901101111161, 555, 8. 9011119511, 119, 1. 9111111119, 511, 9.

Positum. 115, 7. 9011111111, 115,1. 9111111151551, 11.
Ρο111,59,6.55,15.57,5,16111110 Potius 111111, 151. 1. Proesmtarie 191 19.

· ,11 11. 1111 auvert„ 11, 1111. 111, 1111111111. 111, 11.

Possem, 11, 6. 117, 5. 118, 51. 111111011007118. 11111111115601.

156, 9. Potuisse, 161, 17. 179, 19. 9111111111, 56, 5. 95, 1. 519, 11.
91111111, 515, 7. 9111111111, 167, 18. 551, 11. 911151ῑί,559,11.

Possem, 165, 11. 168, 6. 9011111111, 196, 19. ’ 1111110161 ad ecl.. 555, 18. 559111·
Poma, 195, 5. 11111111ιί, 55, 1. 195, 1. 551, 18. 551, 29¹.

Possessio, 518, 8. 901111, 5,1. 11, 9. 58, 5, ustisque 9110111161,519,11.559,1.510711·
9011119111,191,1.155, 19. 111, 111115. , 9110116111,187,15.519,16.551,
9551169151. 111, 1. 1111. 151111511111111,11111111.- 111111111111ῗ1105,’1110,10.1111

 

