1111 , 0001000 110 1101100 00 0011011110111011110001010. ζ 1180

sermonibus, 501, 18. 81001, 891, 58. ⁸ 801011, 89, 6.
sermunculis, 158, 16. 8100, 10, 8. 80, 1. 95, 5, 01111000 8010111, 1111. 8. 558, 19.
1511151555 110 1. 10111110, 1011. 111. 1. 11010, 511151 18111, ’
ἓξῑινιὲυξιαὲἱιτι,,110, 10. 1113010001εοω 6 5³1 ὅ, 0000010000.
001111ζ110,’1.’101.0 0111111110, 1101. ’ 0351511101.
8011011110001010, 891, 80. 8100000001, 556, 81. 8000011000, 858, 5.
8011001008511. 810001111101,891,18 8011010191.
301101.119.5.801,11. 810011110188885180819,11. , 8011101,180,1.
8011110,850, 1. stu olorum, 151,18; Sonos. 111, 1.
80111111, 555, 5. 81011111 0111100. 18, 1. 800100, 8551.
80110101,891,15. . 81011,185,10.898 5. 8001111, 81511.
80111101, 118, 6. 816, 85. 8101. 805,1.805,15.818,8,01110000 0010000111, 1.
80110111 91, 1. 1001016. ·’ 8011100885, 88.
801101, 181, 5. 81000000, 56, 5. 116, 0. 801000001001, 851, 15.
Serviat, 8115, 5. 8111010010, 01, 1. 158, 8. 159, 81, sordescunt, 195, 6.
servientium, 199, 11. ahisque 100118. 8010111081, 8.
80111100, 580, 8. Sis, 18, 5. 85, 6. 801, 5. 8011111100, 815, 8.
801111010οι 581,5. 81110111, 868, 8. 8010111010, 888, 19.
servum 811, 10. 810111, 508, 15. 80101851. 185. 8.
8000191. 50, 5. 91, 1, 01110000 811, 56, 8. 11, 8. 55, 1, 0111000010· 8011010, 05, 1. 181 1. 151, 5.
10010 16. 01016. ου , sorus, 180, 6. 1911, 1.
,515511015011000 00, 0000 1111550110110 1011011. 15511111 11111.
010. 805, 1510, 8110, ablat.. 855, 9. Sospes, 816, 15. 858, 11.
Severitate, 56, 2. 8111, 151. 1. 8010110111, 86, 8. 80, 8.
8000011111, 110,,0, 8110018811. 800100101158. .
81,15, l. 85, 8. 81, 4, 0111000010010 811110, 188, 11. sparsas. 185. 8.
893. 511111. 196, 18. 800110, 158, 5. 511, 1. 559, 11.
0101, 00, 0. 10, 001, 10, 101000 0101001, 10. 101, 1100, 11, 11110 001111,100,ῑ.
1001188. 1100100105. = ² 8001110,8111,11.895.16.
sic, 000. 01, 2 01, 1, 110101010- swa, 111, 0 10. 000, 1. spanum, 100, 0. 1101111011,
tis 86, 8011110111, 1851. aliisque 100118.
811011 verbum, 119, 9. Socer. 59, 8. 118. 8. 80018, 1.
810001. 5118, 5, 8000101010, 1111,1. Specie, 1651. 166. 2
81100111, 85, 5. 80010, 1011. 11. 80001010, 11, 5. 810, 8. 556, 81.
310011,,1111,111, 8011111. 1195. 8000110. 151, 8. 181, 1. 851, 8,
81000, 101, 8. 8001008511. 011101111010010 .
81001.157,1.151,1519518108- 80100100,55,8. 8000101011, 19, 01185.

0001001111. 80010100588. Speciosa. 101, 1.
8101110085. 150, 5. 858, 11, 11111- 8001011051 1· 30011001. 898, 85. 55111.
10010000. 0001001011, 1. 800101111111111,815, 0.

810001050101, 800011011016885. 8000100101, 015 Β.
sidat, 517, 11, “ 500111 101, 106,9. Spectat. 60, 6. 181, 1. 559, 25·
...0100101111150 1111110111111510 10. 1111811111000 22
· 11·1 11 9⁰⁸2¹w92
ggggffiuff} η (111501111551151 1. 111110. 550 85. {2553621632’66 859 5.
ι8111010111,1518955, 8010111011,1’10,8.110,5. ¹ 81100010101.551,1. ’
fisains, 80, 1. 17, 8. 80100101, 1, 8. 81100011, 510,18.
Signat, 80, 1, 161, 1. Solebas, 95, 1. · 800000, 851, 18.
.51110111001,151, 11. Solebat. 159, 8. Spem, 90, 81808 mg,
81301οω1100010,515,13, Solem, 155, 10. 5858. 51986. 8001011111,105,1.388,1. 11.
Signis, 555. 81. Solem, 119, 5. 191,1. 809, 1, 01110- Sponte, 8116 1.
0001001011. 511, 10111, 10. quse (0031000 2 maes& 1,.
{pzssu'ssm'ss' 111 1 531ἓῖιί1ὶί1911 10 10101 1555513551 ¹²
’,Ιῖ1ιέθὶ 1 ’ 1· 1 0· 1 ““1” t · .
1111518150,010001, 1191115111.. 1111118101.
· 18. 8011011010, 818, 6 800100, 91, 8.
81111111, 51, 5. 806, 8. 881, 6, allisque 80111, 801, 8. 0000100100,110,1.
Ι0511111111, 010, 1. 111111115111010. {ssssffissssffi’zffif'
1111111515· . 1111111181 ²²· 1111111050 1.
51511110ῑὲ150 1518. 801111,’59.’8.188, 1. ‘sfi'sss 0111001.,’ 810, 5. 31⁹. 11. π,
5155111111Ξὲο19501911.111, 10, ’0115111111 1110. ”0,10.001.1.,011,11.
..000 ’⁵5 ²· 00010· 01011 1., .
8111101101, 550, 18. somenam. 885, 8. 801101, 508, 8. 508, 1.
5511555550. 100, 11011, 535111ιῖ111115, 110, 0. 51111111111110.
1151001000 ‚m 1. 101, 0. 11010, 1115055111190 - {53:32323.136}.³⁶3}33.6
011101100100108. solo 0111111.,8’19, 9. 8011011001, 581.
111111181111181 ’189 1111181511· 111111111511111·
8101119οΙ1000, 8111, 9. ὯΙ. 11011010, 159,5.158,ο19.850, 1. 80100001, 855, 1.
108101οΙ101101, 811, 10. ,11. 891, atgagg, Ξ8911103115. ,10011000Ἧέ 2101, 1. 110, 1. 1551
511001, 810, 1. 81055. 515, 8111111- Solum 011 001.. 151, 8. 111, 8. 818, Sp 0011010111 87,1. 195, 5.
1100100101. annisque ¹1³ 1. 80011001,509, 1.
81001000010111001000,515,6. 8011110, 1811, 6. 805, 15. 851, 8. 8001110105, 5. 101, 5. 851, 18.
8110010111, 109, 8. 861, 5. 1 1110111110 10010 5.
51111110, 1. 51511οἷ181· 8111· 1181511.

 

