7777 . 77677 7677777777.

· Rubos. 776, 6. Saxi, 89 7 segetes, 67, 6.
776761, 1977, 6. 87717 768, 6 676, 17. 86777777, 118,’ 9. 716 6

11677767, 76 6 8776,171,6.86777677776,’761,9’

1171677,167,1.766,7. 8671777776, 77, 6.· 867777776, 6’61, 67.

1761677, 179, 7. 697, 7. 8761777, 798, ’79. seirenes 11, ’7.

1177177767, 7171, 7. 866167777, 66, 77. 719, 6 8677767, 67, 6

11667676, 796, 7. sceleratius. 6’71, 16. 866761, 16, ’7, 677, 8.

1177766767, 67, 7. 768, 76. 86616777677776, 67, 6. 761, 9. 719, 6. 8676677, 776,.. ’7.

176 6 896. 8761677767, 7776, 76. 867667377631.

1177717, 676, 7 . Sceleri. 68, 8. 86766ιῖ77 777, ’799, 1.

716 piis, 68,’6. 0 8661671667,’ 16, 6. 711, 6. 798, 16. 86671777, 61, 7 78, 796, 6. 168, 7.
11677, 797, 7. ’ 86616717, 6’6, 8. 67,6. 668. 71. 719, 86771673, 768, 16. 7’76,6.’ ,
7167777,187,6.,778 7771161616. 8676177677,776,1.

17677766 766777 , Scelerum, 766, 6. m. 6. 781, 17. swina. 771, 1.

1177117676, 761, 6. 87617771, ’766, 77. Semiia, 768, 17. ·

1167116, 777, 7. 171116. Scelus, 19,.17 , Sem 67, 76, 7. 76, 1. 67 ,,6711177776
5 “ 8766767,177,1. 77617717

Sacerdos, 697, 7. 86761677, 17,’1. , 867776711, 796, 7.

Sacerdotes, 66, 1. sceptro, ’166, 7. 8667771, ’61, 6’,

87677767, 16, 7. 8667 77,676 11, 1. 767, 1. 86677667,61’,1.67,1.61,7.

876777, 66,1’ 861776, 86’,.6 56971171,’57,’7. 66, 7. 6661166

87671167· 76 61, 6. 68 7 87177661, 11. 8717171,’Ξ110’, 6

Sacrum 7717777771 168, 77. 8677717, 21⁹5, 6. 86666776, 777176

8766711, 798, 9. 8717767767, 7’,1 8. 8666677, ’66, 1.
867 6, ’6, 7. ’66, 1. 76 ,6, 7111777676- sciente, 797, ’.17 86766767, 6, 7.
17171· 87167777, 761, 7. 86767, 559 7.

Saevi, 7, 7.,,981 166, 7 ,6111777616 scienti, ’797, ’79. Senibus, 6 7.

m 86166717, 616, 16676,16.676,18, 8677777717 77., 7, 77111, 7.
8671767,771,11 aliisque 167776 86771, 171. 1.’
8767167717,16,’.,.,71661186.191,7. 86767717, 16. 6 6669. 8667177116667,11,611,6.611,1,
8676776676, 717, 9. 86166716, 696, 11. 6’66, 11. 666, 17, aliisque 167777
8671766666, 79, 7’ 761, 1.,6119 7. 71717776766171. 867711717676,’,67 17.

877717, 7797. 8616771776, 618 7. 661, 11. 8677117111, 667, 71.

86771176, 7766. 8676671,7’61, 76. 867777171177,.161, 11. 666771.

swanum: 19. 86111667Ῑ67,’1166,6. 1666, 71117- Sensibus, ’667, ’.17 667, ’1,1 661, 19,

87676,771,16.119,.1 7766766177 ’1117676106ἒῖ

Sag 77777, 6719 7 8616771766.8667,6661,18.667,71.

8776771666 86177177, 191’, 1 Sensum, 5768.

8716, 66, 6. 79, 1. 8616711Ιᾶ, 711, 19. · Sensus, ’66, 16. 198, 6 177, 7, 71117·

87777776, 6 7 786, 7. ma. 86177177677,87, 1. 7766166176

8716777777, ’116, 6. ’8616 86, 7. 86, 7 65. 6, aliisque 86676667, 616, 7. ,

87161771, ’86, 8’. 7661777 8677667177, 66, ’.11 691, 8. 616, 11.

871767177771816. 86176,66,7.161,1.781, 16. 661,1. Sententia, 868

Salus. 267'. 6. 797, 77. seis. ’66,7. 67, 9. 766 7 8677767177’717767., 66, 77. 771, 7. 7117,

87167667, 67,6. 761, 66. 8617766661, 7’71 76.

8716717776, 79. 767,’1.6767,17. 8617.176,7.’176,8.611,6. 86676671677177., 61, 718176.

8717767, 67,.7 ’ 861767, 678,.7 Sententiam, 71, 1. 81, 7’779 771, ,

8767777767, ’,.116 sciturum. 7’,68 76. 71177766166177. -

8766177, 7877. 86166777, 666, ’.11 877667177676,179,1.

8776167776, 7199. 86677 611 ’616,7. , 8677667177, 11,6

877717776,16,7.8677661796 86777667177,’,96 7

87777771, 77981. 8577777797767 198... ⁰ “ 8777777767571116.

876671771677771, 178, 76. 867177766776771777777, ’168,1. 8667166717, 616, 7 6161.

8777676, 168, 7’6. 8677776, 796, 6 8667176, 676, 77.

876677 69 7. 797, 66. 8·61167669666717777767 86767771.

555656 ¹⁰55.. ,6 7. 1111717 5: 9¹³

7777677 ’177 1. 77676 77177, 7. 777, s. 8657766776

87677, 777 8. 8667661816 877777771666767 7

876177717,7’97,19.· 8667677777, 66 6 sepositis, 166, 8.’

87771771, ’11, ’7. 86676717, ’166’ 19. 8677666167 166, 7,

Sapiens: 178, 6717, 11, 797, 76, 86677, 716, 6. 86771, 799, 17.

771177 66166171. 8667777777, 767, 7. 8677777, 71791
Sal 77167767 761 6768187716, 76. 8667166676 769 6. 867767671679.

87 ”16771, 771, 71. Secum. 661, 16’. seq 77677767, 696 79. 666 6

7777766771, 771, 7. 67,.7677 7. secunda. 767, 76. 7716667617 717,7.’

8777166716,11,’6717.1’61, 61677. 866767677766. 8677 6,667776 616, ’1.

666, 19 Secundum r'oepos. 777777 7671671776, 86777677· 671, 179’, 11.
877776671776,671 766, 76. 766, 17, 61616177 666, 8. 8677677776, 161.’ 19
8776677667,11’,.7 86 ure 767, 7’1. Sequi. 7161. 661, 1.
8777166717, 7711, 7. 866771, 66, 6. 199. 111. Sequuntur, 616,6’
1777117611 ¹ 7111111171 5 17 isi 6 55. ¹2⁵5 1111796
87” 67, 171,’7. 777, 8. · 8676777166, 9.

87761777,111’6 7. 8666767, 11, 7. 8676717, 89,’ 5.

ε77717776,61, 7.61,.6 · 8677, 11,’ 1. 76, i. 71, 5, 7111777616 86766677177777, 117,6.

Saicinuia’s. 68,6. 617, 776 Serenum 7771776777 7’76,.6

8777611776, 199, ’17 8616 611 7.161,6.768,17. Serenus, 67, 1,1677, 7.

87717771,1’1,7’.7 8771677, 676, 65. Serere, ’176, 1.

877177776116.8671667,16,’1,16,6.11,6,71117(7776 86716, ’797, 9.,618 7

8.711667,’188,’11.766171.86716777,66,7.16877796771399,

87716777, 79177. sedendi, 676, 78. 76.

. 8771667676, 7’66, 78. 8677667676,196, 1 series. 196, 1. 796, 1. 796, 5. 698,
1 8771,16,7.18,.1 66,,6 71117776 861676, 7’67, 7. 676, 16. 676, 11. 6.

766776. 676, 711. 86777 terbum 225· ,7.

8777717667667, 786 9 877167. 667, 19. 676, 11. 676, 19. Sermo, 16.), 7. 6777, 79.

87767, 7167 Sedis, 779, ’.7 7676 76 799, 17.

87777, 766, 71. .. η 8676766717, 7. · ’86766667771716

 

