1105

11118111, 251 6.
1111111111, 20, 1.
1111111211. 119, 5.171’,8,11111111

11111 15.

11111011, 222, 5. ⁰

’ 111111, 11111111.

11111111, 151, 7. 187, 7. 212, 17.
Lite. 511, 12.
111111
11111111, 11, 8. 51117.
1155611. 511
1111111, 100, 5.
11111211, 8.

1111111, 111, 0.

119076 811, 1.
1111258 1. 258, 21.
111111, 20510.
1111111111, 295, 11.
1111111111. 105, 8.
Loci, 115. 11, 5.

’ {Nolens 10 11111108 DE 6058011710111 891108090Ιέ.

11111, 27561.
1665611161.
1111111111, 550, 17.

111, 15125118.
1616669161, 1.
1111111111, 218, 5.
Lydorum, 102, 11.
111111111150, 5.
Lynceis, 2¹²..st

11111111, 216, 251270, w.
1111111111, 168, 19.
Machmas. 258, 17. m. 10.
Haemum, 118, 7,

Madent. 255, 6.

11111111, 1515.
6161166111111. 111111·

111115.

- 1111,111,1.111111.211,1,111, 1111111111111.

16

heis 1.

1111111582. 108, 5. 2⁸6 10.
zmnffiaffiaf. 111, 11.
1366112111. ⁰
ἷὲπὲζᾞ2ι65Ἄ1. 526, 11. 5112.
1555516101
1656ἶο61100 ⁴ ‘⁹⁵’ ‘²
Longum, 111, 11.

⁴ Longus. 151, 5.

1111111111 25111.
Loquar, 11 ss. 1.
muchan. 11.

loquebaris, 516, 15.

1111111, (17.6.

Loquendi, 15111.
1651116611 'w

1111111111, m, 17.
161711151111111.
1565160.
111,11,1111,1.111,1,ι11ψ

beist

1111111151, 3.
1656610616 61, 11111.

Lucem splendor-m. 255, 5. 211, 5.

· 182, 5.

‚ 1111111, 252, 7.

17

11115 8.

Lucida, ,5.111,1., ’
11111111, 102, 2,

1111111111, 250, 2.

11111 11111» ¹²
161611661111
1111111111, 1201.

66636661561
ὲ111111ῌ66, 11.
udum, 111, 1.
Ludimus. 1011218, 1.
[udis 1110111, 218, 8.
111111, 06, 5.
16666108111.

1111, 118, 2.

1111, 257, 10.

Lumen, 88, 1. 212,5.
Lumina, 18, 2. 81 7.
Lumina 111111, 211, 5. 251, 7. 251,

11111112), 1. 26, 1. 90, 2, 11111111

Ι01611611110110011111, 12, 1. 25, 2. 89, 7. 11111111 101115.

111111111
1111, 61, 5.

11111, 16, 5. 201, 2. 290, 1.
Lunam, 155,10.

0, ahisque locis 5.

Magistrum 122, 2.

111111, 111111111111111 1111111111111111

flugisuum, 182, 1.

φξῗῗὲἓ,ιίθ2,8. 105, 1. 21116111·

Magna ex 11111, 270, 6.
Magnae. 86, 7.
Hagnas, 18, 1.
1111111111525ἐ1
5255611511..
Mag. 111111, 118, 11.
1111111266, 12. Α
1111111155, 1001201, &mih
Magnus. 195, 5.
awai& 532262, 1.
or .
1161516, 11.
11111111, 199, 6.
1111111111, 295, 10. ,
11111111, 205, 16.
111 11, 257, 7.

1101

1111111111, 11111. ’
1111111, 96, 2. 152, 5. 257, 5, alas.

‘ 1111111111.

51111116110. 1615217, W*

que locis 5.
ῑὶ811111111, 11, 1551 1185, 2. Μ,

1111111111, 56, 1.
Manifestum. 125, 5. 119, 19. im,

- 11111111 11111 6.

551015515115566 =

que 1111

mmm.. 276, 2.
5151511166 ¹²¹· ’Μ’
111111 111111, 5211.
111151155100·

11111, 102 1,

111, 111, 1.
551.551151.’·85 “’ =
uncum. 111, 2]

1555· 5611161111,

’51111111 11111111. 1111. ·

111111111111.

55555 16111111.
1111111,101,1.152, aa&
111111, 72, 5. 851, 10.
111111

Maxima, 205

mum. 111 11111111

292, 5.

fflffl'sff‘mmm

que 111111.

51511151.
1111111111, 86, 9.

111111111111, zm. mm, 1111, 1.15,1.11,1,11111κ 1111

tuisque 11111 1.

11111111.. 111, 1.

Ι 11111501115651.

11111, 298, 15. 511, 8.

1111111111, 60, 2.

11111601. 7, 5.

1111111111. 118, 11. 111, 11. 211,

11111, 217, 7.

50

11ἓῖ1176.. 111. 11111111.

552, 7.

uem. 117, 2.
1111111,50, 5. 52, ,1. 01, 1. 215, 1.
1111111, 162, 0.

’ 1111111,277 17.
“ 11111 1111111.,215,7. 215, 10. 765, 1101190111111·
ssfhisque 111111.

511111, 215, 1. 517, 2.
entus, 18,1. 501, 8.

unns 1111111 1101111115, 1. 80, 5. 11111161. 52,1. 1115, tim

2133 aliisque 11112 5.

11111, 5.

1111 adjectivum 161, 2. mi. 200, 11101111, 88, 22.

istiusque 111118.

111111, W, 5.

1111111111, 212, 25. 2802
1111111,506, 1.

1111111, 21, 5.

muel, ¹2¹, ἲ. ²83· w·
1111111111111111111.. 272, 16.

y 1111101111 1111111111, 108, 6.110,7.

6, aliisquo 111111.
1111111 1111126116. 291, 11.

⁴ 1111111258, 5. 261, 5. 256, 6, 11111-
que locis 8.

Maluerit. 75, 5.
1111111. i. 151, 12.
1111111 mutam„ 218. 51111. 261, 5.

267 2611111111111115.

1111111171, 1.
Manus. 12, 2,
nannai, 55, 5.
111111111250, 5.
1111111, 188, 17.
11111111, 555, 11.

v 1111111111, 818, 19. 2566.

1121111111 111111, 15
nanuum„ 05. 2. 112, 5. 237. 17,

111111111,221,1.851,2.216. 12, a'iis·

1111111.

1111111, 216, 15.

· umentibus, 120, 5. 505, 11.

1111111, 295, 15.
mmmm
11101111, 221, 1.
111111111ίηί1, 16, 8,
1111111111, 50. 2. 12, 5.
1111111111, 217, 11.
11111111, 266, 7.

Medicina, 110. 11.
1111111111, 25, 1. 292, 12.
711111111119, 11.
1111111615, 18.
11111111, 10.
1111111111, 295, 15.
111111...
1111111111, 266, 5. 505, 21.
5651151511.
1111111111, 258, 10.

Mei, 11, 0. 52, 2. 55, 5, 11111111 10·

eie 6.

111111 1. 11, 1. 1111111.

locis 1.

1111111, 250, 8. .
11111111,105, 7. 11110.
minoribus, 262, 7.

Melius, 221, abis
1111111175, 5. 152, 2
1111111111.

111111, 108, 5. 150, 5. 11,».

 

